=================================================== 
MCMC CONVERGENCE diagnostics for chain number  1 
Based on sample size =       7501 
=================================================== 
Autocorrelation for each parameter 
Variable           Lag 1        Lag 5       Lag 10       Lag 25 
variable 1         0.983        0.921        0.856        0.725 
variable 2         0.988        0.944        0.892        0.779 
variable 3         0.987        0.937        0.877        0.736 
variable 4         0.989        0.944        0.890        0.766 
variable 5         0.988        0.941        0.888        0.757 
variable 6         0.983        0.920        0.847        0.683 
variable 7         0.986        0.932        0.877        0.766 
variable 8         0.981        0.912        0.837        0.657 
variable 9         0.985        0.930        0.869        0.747 
variable 10        0.987        0.939        0.887        0.782 
variable 11        0.987        0.938        0.882        0.744 
variable 12        0.985        0.929        0.868        0.724 
variable 13        0.986        0.934        0.875        0.726 
variable 14        0.988        0.939        0.877        0.750 
variable 15        0.985        0.930        0.866        0.701 

Raftery-Lewis Diagnostics for each parameter 
(q=0.025000, r=0.010000, s=0.950000)
Variable          Thin       Burn   Total(N)     (Nmin)     I-stat 
variable 1           1         96      28986        937     30.935 
variable 2           1         96      28986        937     30.935 
variable 3           1         96      28986        937     30.935 
variable 4           1         96      28986        937     30.935 
variable 5           1         96      28986        937     30.935 
variable 6           1         96      28986        937     30.935 
variable 7           1         96      28986        937     30.935 
variable 8           1         96      28986        937     30.935 
variable 9           1         96      28986        937     30.935 
variable 10          1         96      28986        937     30.935 
variable 11          1         96      28986        937     30.935 
variable 12          1         96      28986        937     30.935 
variable 13          1         96      28986        937     30.935 
variable 14          1         96      28986        937     30.935 
variable 15          1         96      28986        937     30.935 

Geweke Diagnostics for each parameter 
Variable            Mean      std dev      NSE iid      RNE iid 
variable 1      0.800769     0.009924     0.000115     1.000000 
variable 2      1.005763     0.023235     0.000268     1.000000 
variable 3      0.889121     0.021976     0.000254     1.000000 
variable 4      0.991126     0.023534     0.000272     1.000000 
variable 5      1.003616     0.019436     0.000224     1.000000 
variable 6      0.802419     0.005989     0.000069     1.000000 
variable 7      1.042469     0.111910     0.001292     1.000000 
variable 8      0.703437     0.005397     0.000062     1.000000 
variable 9      1.001239     0.012376     0.000143     1.000000 
variable 10     0.910791     0.030508     0.000352     1.000000 
variable 11     0.797818     0.033697     0.000389     1.000000 
variable 12     0.702507     0.009625     0.000111     1.000000 
variable 13     0.985469     0.033020     0.000381     1.000000 
variable 14     1.018768     0.029870     0.000345     1.000000 
variable 15     1.196487     0.038169     0.000441     1.000000 

Variable          NSE 4%       RNE 4%       NSE 8%       RNE 8%      NSE 15%      RNE 15% 
variable 1      0.001611     0.005059     0.001488     0.005930     0.001223     0.008774 
variable 2      0.003531     0.005774     0.003706     0.005240     0.002763     0.009426 
variable 3      0.002687     0.008919     0.001923     0.017418     0.001665     0.023236 
variable 4      0.002768     0.009640     0.002022     0.018055     0.001533     0.031438 
variable 5      0.002696     0.006928     0.002382     0.008878     0.001433     0.024510 
variable 6      0.000765     0.008161     0.000656     0.011122     0.000572     0.014593 
variable 7      0.017048     0.005746     0.018904     0.004673     0.014531     0.007908 
variable 8      0.000840     0.005504     0.000804     0.006000     0.000509     0.014993 
variable 9      0.002028     0.004968     0.000928     0.023728     0.000793     0.032469 
variable 10     0.005061     0.004844     0.004103     0.007373     0.003017     0.013630 
variable 11     0.005158     0.005692     0.005259     0.005474     0.004922     0.006249 
variable 12     0.001199     0.008590     0.000758     0.021527     0.000673     0.027247 
variable 13     0.004018     0.009007     0.003408     0.012518     0.002303     0.027414 
variable 14     0.003738     0.008514     0.002628     0.017222     0.001839     0.035170 
variable 15     0.004051     0.011837     0.004311     0.010451     0.004177     0.011131 

=================================================== 
MCMC CONVERGENCE diagnostics for chain number  2 
Based on sample size =       7501 
=================================================== 
Autocorrelation for each parameter 
Variable           Lag 1        Lag 5       Lag 10       Lag 25 
variable 1         0.983        0.923        0.865        0.724 
variable 2         0.981        0.916        0.850        0.691 
variable 3         0.983        0.923        0.856        0.674 
variable 4         0.983        0.922        0.856        0.705 
variable 5         0.982        0.922        0.857        0.702 
variable 6         0.984        0.928        0.865        0.709 
variable 7         0.987        0.940        0.890        0.762 
variable 8         0.987        0.941        0.893        0.759 
variable 9         0.987        0.944        0.897        0.782 
variable 10        0.986        0.935        0.884        0.762 
variable 11        0.985        0.932        0.878        0.749 
variable 12        0.985        0.930        0.872        0.744 
variable 13        0.978        0.900        0.828        0.646 
variable 14        0.984        0.926        0.864        0.711 
variable 15        0.981        0.917        0.846        0.672 

Raftery-Lewis Diagnostics for each parameter 
(q=0.025000, r=0.010000, s=0.950000)
Variable          Thin       Burn   Total(N)     (Nmin)     I-stat 
variable 1           1        185      60061        937     64.099 
variable 2           1        185      60061        937     64.099 
variable 3           1        185      60061        937     64.099 
variable 4           1        185      60061        937     64.099 
variable 5           1        185      60061        937     64.099 
variable 6           1        185      60061        937     64.099 
variable 7           1        185      60061        937     64.099 
variable 8           1        185      60061        937     64.099 
variable 9           1        185      60061        937     64.099 
variable 10          1        185      60061        937     64.099 
variable 11          1        185      60061        937     64.099 
variable 12          1        185      60061        937     64.099 
variable 13          1        185      60061        937     64.099 
variable 14          1        185      60061        937     64.099 
variable 15          1        185      60061        937     64.099 

Geweke Diagnostics for each parameter 
Variable            Mean      std dev      NSE iid      RNE iid 
variable 1      0.803545     0.010352     0.000120     1.000000 
variable 2      1.003257     0.020433     0.000236     1.000000 
variable 3      0.898535     0.019505     0.000225     1.000000 
variable 4      0.990382     0.020539     0.000237     1.000000 
variable 5      1.003978     0.017397     0.000201     1.000000 
variable 6      0.801313     0.006345     0.000073     1.000000 
variable 7      0.999176     0.108550     0.001253     1.000000 
variable 8      0.703268     0.006752     0.000078     1.000000 
variable 9      1.002919     0.013663     0.000158     1.000000 
variable 10     0.907303     0.030177     0.000348     1.000000 
variable 11     0.794719     0.035985     0.000416     1.000000 
variable 12     0.702037     0.010344     0.000119     1.000000 
variable 13     0.989963     0.028215     0.000326     1.000000 
variable 14     1.009286     0.027673     0.000320     1.000000 
variable 15     1.197477     0.037163     0.000429     1.000000 

Variable          NSE 4%       RNE 4%       NSE 8%       RNE 8%      NSE 15%      RNE 15% 
variable 1      0.001316     0.008254     0.001367     0.007646     0.001068     0.012518 
variable 2      0.002244     0.011053     0.002215     0.011346     0.002201     0.011489 
variable 3      0.002968     0.005760     0.003041     0.005486     0.002575     0.007649 
variable 4      0.003382     0.004916     0.003114     0.005799     0.002870     0.006829 
variable 5      0.001750     0.013178     0.001864     0.011609     0.001809     0.012335 
variable 6      0.001025     0.005112     0.000816     0.008052     0.000596     0.015108 
variable 7      0.018743     0.004472     0.020511     0.003735     0.016772     0.005585 
variable 8      0.000704     0.012257     0.000546     0.020402     0.000475     0.026972 
variable 9      0.001948     0.006559     0.001924     0.006727     0.001387     0.012941 
variable 10     0.003142     0.012299     0.002991     0.013575     0.002321     0.022538 
variable 11     0.005473     0.005764     0.005741     0.005238     0.004586     0.008210 
variable 12     0.001328     0.008088     0.001381     0.007486     0.001163     0.010549 
variable 13     0.003781     0.007424     0.002714     0.014408     0.001810     0.032417 
variable 14     0.003391     0.008877     0.002286     0.019538     0.001797     0.031623 
variable 15     0.003269     0.017228     0.003365     0.016259     0.002570     0.027884 

=================================================== 
MCMC CONVERGENCE diagnostics for chain number  3 
Based on sample size =       7501 
=================================================== 
Autocorrelation for each parameter 
Variable           Lag 1        Lag 5       Lag 10       Lag 25 
variable 1         0.986        0.932        0.874        0.728 
variable 2         0.986        0.935        0.880        0.746 
variable 3         0.983        0.923        0.862        0.716 
variable 4         0.984        0.925        0.862        0.713 
variable 5         0.986        0.934        0.882        0.745 
variable 6         0.985        0.933        0.880        0.744 
variable 7         0.983        0.923        0.859        0.700 
variable 8         0.986        0.934        0.878        0.710 
variable 9         0.978        0.898        0.809        0.624 
variable 10        0.985        0.933        0.875        0.729 
variable 11        0.984        0.928        0.868        0.744 
variable 12        0.980        0.907        0.832        0.622 
variable 13        0.986        0.933        0.875        0.729 
variable 14        0.984        0.924        0.859        0.699 
variable 15        0.985        0.933        0.876        0.726 

Raftery-Lewis Diagnostics for each parameter 
(q=0.025000, r=0.010000, s=0.950000)
Variable          Thin       Burn   Total(N)     (Nmin)     I-stat 
variable 1           1         88      24233        937     25.862 
variable 2           1         88      24233        937     25.862 
variable 3           1         88      24233        937     25.862 
variable 4           1         88      24233        937     25.862 
variable 5           1         88      24233        937     25.862 
variable 6           1         88      24233        937     25.862 
variable 7           1         88      24233        937     25.862 
variable 8           1         88      24233        937     25.862 
variable 9           1         88      24233        937     25.862 
variable 10          1         88      24233        937     25.862 
variable 11          1         88      24233        937     25.862 
variable 12          1         88      24233        937     25.862 
variable 13          1         88      24233        937     25.862 
variable 14          1         88      24233        937     25.862 
variable 15          1         88      24233        937     25.862 

Geweke Diagnostics for each parameter 
Variable            Mean      std dev      NSE iid      RNE iid 
variable 1      0.798059     0.010688     0.000123     1.000000 
variable 2      1.009446     0.020279     0.000234     1.000000 
variable 3      0.889208     0.020323     0.000235     1.000000 
variable 4      0.994247     0.020679     0.000239     1.000000 
variable 5      1.003971     0.018308     0.000211     1.000000 
variable 6      0.802480     0.006162     0.000071     1.000000 
variable 7      1.001700     0.103029     0.001190     1.000000 
variable 8      0.704923     0.006584     0.000076     1.000000 
variable 9      1.001978     0.010210     0.000118     1.000000 
variable 10     0.916798     0.028431     0.000328     1.000000 
variable 11     0.796821     0.032759     0.000378     1.000000 
variable 12     0.704596     0.009016     0.000104     1.000000 
variable 13     0.994605     0.031737     0.000366     1.000000 
variable 14     1.015196     0.028645     0.000331     1.000000 
variable 15     1.203120     0.040607     0.000469     1.000000 

Variable          NSE 4%       RNE 4%       NSE 8%       RNE 8%      NSE 15%      RNE 15% 
variable 1      0.001315     0.008811     0.000900     0.018799     0.000762     0.026254 
variable 2      0.002571     0.008293     0.002072     0.012773     0.002005     0.013638 
variable 3      0.001809     0.016823     0.000944     0.061769     0.000774     0.091947 
variable 4      0.001786     0.017878     0.001134     0.044323     0.000850     0.078901 
variable 5      0.001892     0.012486     0.001455     0.021108     0.001157     0.033397 
variable 6      0.000779     0.008337     0.000654     0.011819     0.000514     0.019171 
variable 7      0.011144     0.011396     0.007141     0.027752     0.005702     0.043538 
variable 8      0.000874     0.007572     0.000736     0.010657     0.000524     0.021046 
variable 9      0.000884     0.017806     0.000632     0.034798     0.000438     0.072301 
variable 10     0.003897     0.007096     0.003629     0.008182     0.002234     0.021586 
variable 11     0.003226     0.013746     0.002448     0.023870     0.002095     0.032595 
variable 12     0.000903     0.013287     0.000684     0.023191     0.000563     0.034248 
variable 13     0.004529     0.006546     0.003917     0.008755     0.002877     0.016223 
variable 14     0.004563     0.005254     0.003867     0.007316     0.002486     0.017707 
variable 15     0.005330     0.007738     0.004362     0.011556     0.002753     0.029013 

=================================================== 
MCMC CONVERGENCE diagnostics for chain number  4 
Based on sample size =       7501 
=================================================== 
Autocorrelation for each parameter 
Variable           Lag 1        Lag 5       Lag 10       Lag 25 
variable 1         0.984        0.927        0.868        0.712 
variable 2         0.985        0.931        0.874        0.730 
variable 3         0.983        0.918        0.840        0.666 
variable 4         0.987        0.936        0.876        0.730 
variable 5         0.983        0.924        0.858        0.695 
variable 6         0.986        0.937        0.885        0.765 
variable 7         0.988        0.946        0.896        0.769 
variable 8         0.983        0.921        0.857        0.721 
variable 9         0.985        0.931        0.869        0.713 
variable 10        0.984        0.924        0.860        0.699 
variable 11        0.986        0.938        0.882        0.737 
variable 12        0.982        0.918        0.852        0.695 
variable 13        0.988        0.943        0.894        0.779 
variable 14        0.987        0.942        0.891        0.760 
variable 15        0.990        0.953        0.909        0.796 

Raftery-Lewis Diagnostics for each parameter 
(q=0.025000, r=0.010000, s=0.950000)
Variable          Thin       Burn   Total(N)     (Nmin)     I-stat 
variable 1           1        139      38225        937     40.795 
variable 2           1        139      38225        937     40.795 
variable 3           1        139      38225        937     40.795 
variable 4           1        139      38225        937     40.795 
variable 5           1        139      38225        937     40.795 
variable 6           1        139      38225        937     40.795 
variable 7           1        139      38225        937     40.795 
variable 8           1        139      38225        937     40.795 
variable 9           1        139      38225        937     40.795 
variable 10          1        139      38225        937     40.795 
variable 11          1        139      38225        937     40.795 
variable 12          1        139      38225        937     40.795 
variable 13          1        139      38225        937     40.795 
variable 14          1        139      38225        937     40.795 
variable 15          1        139      38225        937     40.795 

Geweke Diagnostics for each parameter 
Variable            Mean      std dev      NSE iid      RNE iid 
variable 1      0.798788     0.010731     0.000124     1.000000 
variable 2      1.012403     0.020029     0.000231     1.000000 
variable 3      0.887377     0.019770     0.000228     1.000000 
variable 4      0.987695     0.021914     0.000253     1.000000 
variable 5      1.010888     0.016645     0.000192     1.000000 
variable 6      0.803494     0.006500     0.000075     1.000000 
variable 7      1.003727     0.117189     0.001353     1.000000 
variable 8      0.706547     0.005425     0.000063     1.000000 
variable 9      1.003901     0.011547     0.000133     1.000000 
variable 10     0.918727     0.026447     0.000305     1.000000 
variable 11     0.780097     0.033588     0.000388     1.000000 
variable 12     0.706160     0.009434     0.000109     1.000000 
variable 13     1.001130     0.034967     0.000404     1.000000 
variable 14     1.012678     0.028171     0.000325     1.000000 
variable 15     1.206030     0.046011     0.000531     1.000000 

Variable          NSE 4%       RNE 4%       NSE 8%       RNE 8%      NSE 15%      RNE 15% 
variable 1      0.001724     0.005166     0.001508     0.006750     0.001264     0.009612 
variable 2      0.003301     0.004908     0.002581     0.008029     0.002258     0.010495 
variable 3      0.003523     0.004199     0.003046     0.005617     0.002046     0.012443 
variable 4      0.003681     0.004726     0.003121     0.006573     0.002048     0.015260 
variable 5      0.001726     0.012403     0.001204     0.025499     0.001032     0.034703 
variable 6      0.001052     0.005095     0.000957     0.006151     0.000638     0.013820 
variable 7      0.017111     0.006254     0.011417     0.014048     0.009249     0.021407 
variable 8      0.000816     0.005888     0.000809     0.005990     0.000564     0.012355 
variable 9      0.001201     0.012332     0.000777     0.029428     0.000539     0.061092 
variable 10     0.003407     0.008036     0.002478     0.015182     0.002108     0.020992 
variable 11     0.004586     0.007151     0.004464     0.007549     0.003937     0.009704 
variable 12     0.001533     0.005051     0.001552     0.004927     0.001011     0.011604 
variable 13     0.005237     0.005945     0.002826     0.020420     0.002443     0.027306 
variable 14     0.004042     0.006478     0.003520     0.008542     0.002857     0.012963 
variable 15     0.006359     0.006980     0.005400     0.009681     0.003879     0.018756 

=================================================== 
MCMC CONVERGENCE diagnostics for chain number  5 
Based on sample size =       7501 
=================================================== 
Autocorrelation for each parameter 
Variable           Lag 1        Lag 5       Lag 10       Lag 25 
variable 1         0.988        0.944        0.900        0.797 
variable 2         0.984        0.921        0.856        0.710 
variable 3         0.983        0.919        0.850        0.697 
variable 4         0.984        0.920        0.847        0.691 
variable 5         0.985        0.928        0.863        0.713 
variable 6         0.986        0.934        0.880        0.760 
variable 7         0.987        0.941        0.889        0.757 
variable 8         0.984        0.925        0.858        0.692 
variable 9         0.987        0.941        0.888        0.766 
variable 10        0.984        0.922        0.857        0.710 
variable 11        0.983        0.920        0.852        0.686 
variable 12        0.986        0.938        0.885        0.760 
variable 13        0.984        0.928        0.867        0.717 
variable 14        0.983        0.920        0.849        0.699 
variable 15        0.983        0.923        0.859        0.707 

Raftery-Lewis Diagnostics for each parameter 
(q=0.025000, r=0.010000, s=0.950000)
Variable          Thin       Burn   Total(N)     (Nmin)     I-stat 
variable 1           1        167      49106        937     52.408 
variable 2           1        167      49106        937     52.408 
variable 3           1        167      49106        937     52.408 
variable 4           1        167      49106        937     52.408 
variable 5           1        167      49106        937     52.408 
variable 6           1        167      49106        937     52.408 
variable 7           1        167      49106        937     52.408 
variable 8           1        167      49106        937     52.408 
variable 9           1        167      49106        937     52.408 
variable 10          1        167      49106        937     52.408 
variable 11          1        167      49106        937     52.408 
variable 12          1        167      49106        937     52.408 
variable 13          1        167      49106        937     52.408 
variable 14          1        167      49106        937     52.408 
variable 15          1        167      49106        937     52.408 

Geweke Diagnostics for each parameter 
Variable            Mean      std dev      NSE iid      RNE iid 
variable 1      0.802387     0.011596     0.000134     1.000000 
variable 2      1.005215     0.019669     0.000227     1.000000 
variable 3      0.888981     0.019024     0.000220     1.000000 
variable 4      0.987790     0.019022     0.000220     1.000000 
variable 5      1.008944     0.017006     0.000196     1.000000 
variable 6      0.803066     0.006639     0.000077     1.000000 
variable 7      1.037678     0.112564     0.001300     1.000000 
variable 8      0.705097     0.005968     0.000069     1.000000 
variable 9      1.008037     0.012797     0.000148     1.000000 
variable 10     0.907865     0.026712     0.000308     1.000000 
variable 11     0.785987     0.031435     0.000363     1.000000 
variable 12     0.704198     0.010754     0.000124     1.000000 
variable 13     0.987865     0.031625     0.000365     1.000000 
variable 14     1.015310     0.026222     0.000303     1.000000 
variable 15     1.197647     0.037411     0.000432     1.000000 

Variable          NSE 4%       RNE 4%       NSE 8%       RNE 8%      NSE 15%      RNE 15% 
variable 1      0.001389     0.009290     0.000846     0.025044     0.000644     0.043220 
variable 2      0.002687     0.007145     0.002003     0.012862     0.001710     0.017637 
variable 3      0.002049     0.011493     0.001772     0.015369     0.001603     0.018778 
variable 4      0.002374     0.008563     0.001899     0.013384     0.001545     0.020211 
variable 5      0.002583     0.005777     0.002561     0.005878     0.002402     0.006685 
variable 6      0.001257     0.003719     0.001252     0.003747     0.000935     0.006724 
variable 7      0.019804     0.004308     0.012816     0.010285     0.010610     0.015007 
variable 8      0.000434     0.025254     0.000407     0.028597     0.000301     0.052298 
variable 9      0.000943     0.024532     0.000856     0.029769     0.000661     0.049973 
variable 10     0.002456     0.015776     0.001767     0.030465     0.001156     0.071248 
variable 11     0.005742     0.003997     0.005787     0.003934     0.005171     0.004927 
variable 12     0.002037     0.003715     0.001287     0.009311     0.001047     0.014063 
variable 13     0.004608     0.006279     0.003950     0.008545     0.002862     0.016283 
variable 14     0.002933     0.010657     0.002652     0.013037     0.002130     0.020205 
variable 15     0.006240     0.004792     0.006771     0.004070     0.005862     0.005431 

=================================================== 
MCMC CONVERGENCE diagnostics for chain number  6 
Based on sample size =       7501 
=================================================== 
Autocorrelation for each parameter 
Variable           Lag 1        Lag 5       Lag 10       Lag 25 
variable 1         0.988        0.943        0.890        0.755 
variable 2         0.986        0.936        0.881        0.750 
variable 3         0.985        0.931        0.874        0.734 
variable 4         0.988        0.944        0.896        0.772 
variable 5         0.989        0.948        0.901        0.780 
variable 6         0.987        0.938        0.887        0.746 
variable 7         0.985        0.930        0.874        0.719 
variable 8         0.984        0.928        0.864        0.694 
variable 9         0.987        0.937        0.881        0.735 
variable 10        0.989        0.948        0.901        0.771 
variable 11        0.989        0.943        0.893        0.771 
variable 12        0.986        0.932        0.874        0.731 
variable 13        0.980        0.902        0.825        0.630 
variable 14        0.984        0.926        0.862        0.698 
variable 15        0.984        0.924        0.856        0.697 

Raftery-Lewis Diagnostics for each parameter 
(q=0.025000, r=0.010000, s=0.950000)
Variable          Thin       Burn   Total(N)     (Nmin)     I-stat 
variable 1           1        108      36552        937     39.010 
variable 2           1        108      36552        937     39.010 
variable 3           1        108      36552        937     39.010 
variable 4           1        108      36552        937     39.010 
variable 5           1        108      36552        937     39.010 
variable 6           1        108      36552        937     39.010 
variable 7           1        108      36552        937     39.010 
variable 8           1        108      36552        937     39.010 
variable 9           1        108      36552        937     39.010 
variable 10          1        108      36552        937     39.010 
variable 11          1        108      36552        937     39.010 
variable 12          1        108      36552        937     39.010 
variable 13          1        108      36552        937     39.010 
variable 14          1        108      36552        937     39.010 
variable 15          1        108      36552        937     39.010 

Geweke Diagnostics for each parameter 
Variable            Mean      std dev      NSE iid      RNE iid 
variable 1      0.803118     0.010492     0.000121     1.000000 
variable 2      1.012300     0.021314     0.000246     1.000000 
variable 3      0.888662     0.021172     0.000244     1.000000 
variable 4      0.994870     0.022365     0.000258     1.000000 
variable 5      0.999375     0.020152     0.000233     1.000000 
variable 6      0.802767     0.006831     0.000079     1.000000 
variable 7      1.001281     0.099695     0.001151     1.000000 
variable 8      0.702660     0.006137     0.000071     1.000000 
variable 9      1.002152     0.012191     0.000141     1.000000 
variable 10     0.908785     0.030047     0.000347     1.000000 
variable 11     0.794060     0.035168     0.000406     1.000000 
variable 12     0.701626     0.009395     0.000108     1.000000 
variable 13     0.990295     0.028948     0.000334     1.000000 
variable 14     1.011393     0.026685     0.000308     1.000000 
variable 15     1.210092     0.035450     0.000409     1.000000 

Variable          NSE 4%       RNE 4%       NSE 8%       RNE 8%      NSE 15%      RNE 15% 
variable 1      0.001248     0.009428     0.001257     0.009293     0.001032     0.013782 
variable 2      0.003585     0.004713     0.004007     0.003773     0.003653     0.004538 
variable 3      0.003219     0.005769     0.003439     0.005053     0.003192     0.005867 
variable 4      0.003553     0.005284     0.003098     0.006947     0.003151     0.006718 
variable 5      0.002323     0.010035     0.002026     0.013197     0.001921     0.014678 
variable 6      0.001033     0.005825     0.000963     0.006710     0.000947     0.006938 
variable 7      0.017492     0.004331     0.015626     0.005427     0.010961     0.011030 
variable 8      0.000655     0.011705     0.000467     0.023026     0.000411     0.029797 
variable 9      0.001296     0.011792     0.001352     0.010848     0.001260     0.012490 
variable 10     0.004678     0.005501     0.004578     0.005743     0.003957     0.007687 
variable 11     0.004459     0.008295     0.004638     0.007666     0.004769     0.007250 
variable 12     0.001256     0.007466     0.001153     0.008853     0.000869     0.015597 
variable 13     0.003669     0.008300     0.003305     0.010229     0.002243     0.022199 
variable 14     0.003123     0.009735     0.002373     0.016860     0.002217     0.019310 
variable 15     0.003552     0.013282     0.002907     0.019831     0.001579     0.067188 

=================================================== 
MCMC CONVERGENCE diagnostics for chain number  7 
Based on sample size =       7501 
=================================================== 
Autocorrelation for each parameter 
Variable           Lag 1        Lag 5       Lag 10       Lag 25 
variable 1         0.983        0.918        0.844        0.652 
variable 2         0.987        0.943        0.893        0.765 
variable 3         0.984        0.926        0.857        0.699 
variable 4         0.985        0.933        0.872        0.726 
variable 5         0.986        0.932        0.869        0.724 
variable 6         0.988        0.944        0.894        0.771 
variable 7         0.989        0.948        0.904        0.796 
variable 8         0.986        0.934        0.879        0.745 
variable 9         0.988        0.940        0.887        0.750 
variable 10        0.987        0.943        0.897        0.780 
variable 11        0.985        0.934        0.879        0.745 
variable 12        0.991        0.959        0.926        0.841 
variable 13        0.984        0.928        0.867        0.735 
variable 14        0.985        0.931        0.868        0.726 
variable 15        0.984        0.929        0.865        0.707 

Raftery-Lewis Diagnostics for each parameter 
(q=0.025000, r=0.010000, s=0.950000)
Variable          Thin       Burn   Total(N)     (Nmin)     I-stat 
variable 1           1         89      24997        937     26.678 
variable 2           1         89      24997        937     26.678 
variable 3           1         89      24997        937     26.678 
variable 4           1         89      24997        937     26.678 
variable 5           1         89      24997        937     26.678 
variable 6           1         89      24997        937     26.678 
variable 7           1         89      24997        937     26.678 
variable 8           1         89      24997        937     26.678 
variable 9           1         89      24997        937     26.678 
variable 10          1         89      24997        937     26.678 
variable 11          1         89      24997        937     26.678 
variable 12          1         89      24997        937     26.678 
variable 13          1         89      24997        937     26.678 
variable 14          1         89      24997        937     26.678 
variable 15          1         89      24997        937     26.678 

Geweke Diagnostics for each parameter 
Variable            Mean      std dev      NSE iid      RNE iid 
variable 1      0.799942     0.009770     0.000113     1.000000 
variable 2      1.011994     0.022263     0.000257     1.000000 
variable 3      0.886300     0.020303     0.000234     1.000000 
variable 4      0.995833     0.021216     0.000245     1.000000 
variable 5      1.005054     0.018290     0.000211     1.000000 
variable 6      0.803540     0.007094     0.000082     1.000000 
variable 7      1.024435     0.122599     0.001416     1.000000 
variable 8      0.704839     0.006516     0.000075     1.000000 
variable 9      1.007536     0.012377     0.000143     1.000000 
variable 10     0.911911     0.029522     0.000341     1.000000 
variable 11     0.793855     0.032475     0.000375     1.000000 
variable 12     0.706451     0.012825     0.000148     1.000000 
variable 13     0.990567     0.032772     0.000378     1.000000 
variable 14     1.012218     0.028645     0.000331     1.000000 
variable 15     1.201998     0.038061     0.000439     1.000000 

Variable          NSE 4%       RNE 4%       NSE 8%       RNE 8%      NSE 15%      RNE 15% 
variable 1      0.001290     0.007650     0.001169     0.009306     0.000921     0.015017 
variable 2      0.002839     0.008198     0.002645     0.009445     0.001909     0.018143 
variable 3      0.002202     0.011337     0.001767     0.017602     0.001321     0.031491 
variable 4      0.002450     0.010001     0.002086     0.013790     0.001858     0.017379 
variable 5      0.002835     0.005549     0.002603     0.006584     0.002539     0.006920 
variable 6      0.000970     0.007128     0.000719     0.012989     0.000671     0.014882 
variable 7      0.020242     0.004891     0.018198     0.006052     0.015973     0.007855 
variable 8      0.000823     0.008358     0.000670     0.012612     0.000519     0.021038 
variable 9      0.001953     0.005353     0.001810     0.006231     0.001365     0.010966 
variable 10     0.004088     0.006954     0.004448     0.005874     0.003598     0.008977 
variable 11     0.003852     0.009477     0.003801     0.009733     0.003670     0.010441 
variable 12     0.001967     0.005668     0.001257     0.013874     0.001259     0.013828 
variable 13     0.002514     0.022657     0.002395     0.024965     0.001850     0.041844 
variable 14     0.003234     0.010463     0.002507     0.017406     0.001797     0.033866 
variable 15     0.006330     0.004821     0.006506     0.004563     0.006006     0.005354 

=================================================== 
MCMC CONVERGENCE diagnostics for chain number  8 
Based on sample size =       7501 
=================================================== 
Autocorrelation for each parameter 
Variable           Lag 1        Lag 5       Lag 10       Lag 25 
variable 1         0.986        0.938        0.886        0.757 
variable 2         0.990        0.956        0.918        0.814 
variable 3         0.987        0.939        0.887        0.756 
variable 4         0.982        0.915        0.844        0.675 
variable 5         0.985        0.924        0.861        0.729 
variable 6         0.980        0.910        0.837        0.673 
variable 7         0.979        0.905        0.828        0.647 
variable 8         0.982        0.919        0.856        0.698 
variable 9         0.984        0.929        0.868        0.736 
variable 10        0.982        0.915        0.845        0.680 
variable 11        0.987        0.942        0.894        0.762 
variable 12        0.985        0.926        0.861        0.701 
variable 13        0.987        0.937        0.885        0.752 
variable 14        0.983        0.923        0.864        0.735 
variable 15        0.984        0.928        0.871        0.745 

Raftery-Lewis Diagnostics for each parameter 
(q=0.025000, r=0.010000, s=0.950000)
Variable          Thin       Burn   Total(N)     (Nmin)     I-stat 
variable 1           1        142      39825        937     42.503 
variable 2           1        142      39825        937     42.503 
variable 3           1        142      39825        937     42.503 
variable 4           1        142      39825        937     42.503 
variable 5           1        142      39825        937     42.503 
variable 6           1        142      39825        937     42.503 
variable 7           1        142      39825        937     42.503 
variable 8           1        142      39825        937     42.503 
variable 9           1        142      39825        937     42.503 
variable 10          1        142      39825        937     42.503 
variable 11          1        142      39825        937     42.503 
variable 12          1        142      39825        937     42.503 
variable 13          1        142      39825        937     42.503 
variable 14          1        142      39825        937     42.503 
variable 15          1        142      39825        937     42.503 

Geweke Diagnostics for each parameter 
Variable            Mean      std dev      NSE iid      RNE iid 
variable 1      0.799762     0.011172     0.000129     1.000000 
variable 2      1.012439     0.025939     0.000300     1.000000 
variable 3      0.888922     0.024345     0.000281     1.000000 
variable 4      0.991528     0.021046     0.000243     1.000000 
variable 5      1.005159     0.018014     0.000208     1.000000 
variable 6      0.802989     0.005789     0.000067     1.000000 
variable 7      0.961524     0.090687     0.001047     1.000000 
variable 8      0.706758     0.006479     0.000075     1.000000 
variable 9      1.002138     0.012373     0.000143     1.000000 
variable 10     0.917134     0.026545     0.000307     1.000000 
variable 11     0.794758     0.038438     0.000444     1.000000 
variable 12     0.704996     0.010905     0.000126     1.000000 
variable 13     0.996871     0.036163     0.000418     1.000000 
variable 14     1.013614     0.028792     0.000332     1.000000 
variable 15     1.199666     0.041079     0.000474     1.000000 

Variable          NSE 4%       RNE 4%       NSE 8%       RNE 8%      NSE 15%      RNE 15% 
variable 1      0.001918     0.004522     0.001569     0.006757     0.000976     0.017486 
variable 2      0.004494     0.004442     0.003481     0.007406     0.002614     0.013128 
variable 3      0.004433     0.004020     0.003908     0.005174     0.002759     0.010380 
variable 4      0.003153     0.005943     0.002768     0.007708     0.002129     0.013026 
variable 5      0.002833     0.005393     0.002202     0.008926     0.001396     0.022201 
variable 6      0.000820     0.006641     0.000777     0.007406     0.000503     0.017659 
variable 7      0.013391     0.006115     0.014106     0.005511     0.011733     0.007965 
variable 8      0.000938     0.006363     0.000866     0.007458     0.000647     0.013359 
variable 9      0.001798     0.006311     0.001540     0.008603     0.001357     0.011078 
variable 10     0.003626     0.007145     0.002291     0.017901     0.001730     0.031381 
variable 11     0.004952     0.008033     0.005233     0.007193     0.004980     0.007944 
variable 12     0.001610     0.006114     0.001508     0.006974     0.001015     0.015380 
variable 13     0.007278     0.003292     0.008246     0.002564     0.007215     0.003349 
variable 14     0.002941     0.012777     0.002091     0.025270     0.001809     0.033760 
variable 15     0.005016     0.008941     0.004187     0.012831     0.002716     0.030511 

=================================================== 
MCMC CONVERGENCE diagnostics for chain number  9 
Based on sample size =       7501 
=================================================== 
Autocorrelation for each parameter 
Variable           Lag 1        Lag 5       Lag 10       Lag 25 
variable 1         0.986        0.933        0.880        0.745 
variable 2         0.988        0.940        0.885        0.729 
variable 3         0.985        0.928        0.862        0.671 
variable 4         0.986        0.936        0.879        0.714 
variable 5         0.985        0.931        0.874        0.725 
variable 6         0.988        0.943        0.893        0.762 
variable 7         0.984        0.929        0.871        0.730 
variable 8         0.988        0.942        0.893        0.749 
variable 9         0.982        0.920        0.851        0.678 
variable 10        0.988        0.943        0.889        0.740 
variable 11        0.989        0.949        0.906        0.797 
variable 12        0.985        0.926        0.859        0.684 
variable 13        0.984        0.926        0.858        0.695 
variable 14        0.980        0.908        0.831        0.666 
variable 15        0.985        0.932        0.877        0.741 

Raftery-Lewis Diagnostics for each parameter 
(q=0.025000, r=0.010000, s=0.950000)
Variable          Thin       Burn   Total(N)     (Nmin)     I-stat 
variable 1           1        112      30779        937     32.848 
variable 2           1        112      30779        937     32.848 
variable 3           1        112      30779        937     32.848 
variable 4           1        112      30779        937     32.848 
variable 5           1        112      30779        937     32.848 
variable 6           1        112      30779        937     32.848 
variable 7           1        112      30779        937     32.848 
variable 8           1        112      30779        937     32.848 
variable 9           1        112      30779        937     32.848 
variable 10          1        112      30779        937     32.848 
variable 11          1        112      30779        937     32.848 
variable 12          1        112      30779        937     32.848 
variable 13          1        112      30779        937     32.848 
variable 14          1        112      30779        937     32.848 
variable 15          1        112      30779        937     32.848 

Geweke Diagnostics for each parameter 
Variable            Mean      std dev      NSE iid      RNE iid 
variable 1      0.802210     0.010909     0.000126     1.000000 
variable 2      1.005782     0.021509     0.000248     1.000000 
variable 3      0.890993     0.021578     0.000249     1.000000 
variable 4      0.990006     0.021934     0.000253     1.000000 
variable 5      1.004185     0.017875     0.000206     1.000000 
variable 6      0.803445     0.007052     0.000081     1.000000 
variable 7      1.023153     0.103415     0.001194     1.000000 
variable 8      0.704076     0.007050     0.000081     1.000000 
variable 9      1.006129     0.011232     0.000130     1.000000 
variable 10     0.907168     0.030384     0.000351     1.000000 
variable 11     0.793005     0.038289     0.000442     1.000000 
variable 12     0.703675     0.009834     0.000114     1.000000 
variable 13     0.994346     0.032133     0.000371     1.000000 
variable 14     1.008231     0.025484     0.000294     1.000000 
variable 15     1.192851     0.038236     0.000442     1.000000 

Variable          NSE 4%       RNE 4%       NSE 8%       RNE 8%      NSE 15%      RNE 15% 
variable 1      0.000929     0.018379     0.000798     0.024887     0.000617     0.041740 
variable 2      0.002702     0.008448     0.002148     0.013366     0.001681     0.021819 
variable 3      0.001583     0.024785     0.001395     0.031901     0.001084     0.052804 
variable 4      0.003888     0.004243     0.003461     0.005356     0.002508     0.010202 
variable 5      0.003206     0.004145     0.003153     0.004285     0.002334     0.007820 
variable 6      0.001014     0.006451     0.001068     0.005809     0.000959     0.007206 
variable 7      0.014142     0.007129     0.013600     0.007710     0.009620     0.015409 
variable 8      0.001014     0.006450     0.000659     0.015274     0.000435     0.034999 
variable 9      0.001128     0.013216     0.001014     0.016365     0.000833     0.024230 
variable 10     0.004038     0.007550     0.003021     0.013490     0.002077     0.028535 
variable 11     0.007241     0.003728     0.007460     0.003513     0.005864     0.005684 
variable 12     0.001336     0.007221     0.001374     0.006826     0.001389     0.006688 
variable 13     0.002935     0.015981     0.002191     0.028674     0.001354     0.075109 
variable 14     0.002616     0.012655     0.002117     0.019324     0.001818     0.026200 
variable 15     0.004656     0.008991     0.004282     0.010630     0.003142     0.019745 

=================================================== 
MCMC CONVERGENCE diagnostics for chain number 10 
Based on sample size =       7501 
=================================================== 
Autocorrelation for each parameter 
Variable           Lag 1        Lag 5       Lag 10       Lag 25 
variable 1         0.983        0.923        0.860        0.687 
variable 2         0.984        0.927        0.864        0.716 
variable 3         0.989        0.950        0.906        0.793 
variable 4         0.988        0.941        0.890        0.753 
variable 5         0.985        0.932        0.878        0.732 
variable 6         0.985        0.931        0.871        0.715 
variable 7         0.989        0.949        0.900        0.759 
variable 8         0.985        0.930        0.871        0.718 
variable 9         0.980        0.908        0.829        0.648 
variable 10        0.984        0.925        0.860        0.693 
variable 11        0.984        0.925        0.861        0.699 
variable 12        0.985        0.934        0.881        0.732 
variable 13        0.981        0.911        0.834        0.654 
variable 14        0.987        0.936        0.881        0.754 
variable 15        0.986        0.935        0.876        0.734 

Raftery-Lewis Diagnostics for each parameter 
(q=0.025000, r=0.010000, s=0.950000)
Variable          Thin       Burn   Total(N)     (Nmin)     I-stat 
variable 1           1        139      38225        937     40.795 
variable 2           1        139      38225        937     40.795 
variable 3           1        139      38225        937     40.795 
variable 4           1        139      38225        937     40.795 
variable 5           1        139      38225        937     40.795 
variable 6           1        139      38225        937     40.795 
variable 7           1        139      38225        937     40.795 
variable 8           1        139      38225        937     40.795 
variable 9           1        139      38225        937     40.795 
variable 10          1        139      38225        937     40.795 
variable 11          1        139      38225        937     40.795 
variable 12          1        139      38225        937     40.795 
variable 13          1        139      38225        937     40.795 
variable 14          1        139      38225        937     40.795 
variable 15          1        139      38225        937     40.795 

Geweke Diagnostics for each parameter 
Variable            Mean      std dev      NSE iid      RNE iid 
variable 1      0.800680     0.009727     0.000112     1.000000 
variable 2      1.007346     0.019886     0.000230     1.000000 
variable 3      0.895882     0.024381     0.000282     1.000000 
variable 4      0.986429     0.022872     0.000264     1.000000 
variable 5      1.010043     0.018048     0.000208     1.000000 
variable 6      0.803983     0.006599     0.000076     1.000000 
variable 7      1.004069     0.124910     0.001442     1.000000 
variable 8      0.704982     0.006647     0.000077     1.000000 
variable 9      1.004615     0.010733     0.000124     1.000000 
variable 10     0.912190     0.025737     0.000297     1.000000 
variable 11     0.785990     0.032187     0.000372     1.000000 
variable 12     0.704175     0.010936     0.000126     1.000000 
variable 13     0.990340     0.028288     0.000327     1.000000 
variable 14     1.010307     0.029661     0.000342     1.000000 
variable 15     1.195561     0.041917     0.000484     1.000000 

Variable          NSE 4%       RNE 4%       NSE 8%       RNE 8%      NSE 15%      RNE 15% 
variable 1      0.001262     0.007915     0.001191     0.008891     0.000988     0.012919 
variable 2      0.003162     0.005274     0.002239     0.010517     0.001433     0.025689 
variable 3      0.004002     0.004949     0.003702     0.005783     0.002615     0.011590 
variable 4      0.003499     0.005697     0.003598     0.005388     0.002542     0.010795 
variable 5      0.001847     0.012726     0.001655     0.015852     0.001034     0.040582 
variable 6      0.000707     0.011618     0.000671     0.012878     0.000634     0.014439 
variable 7      0.017803     0.006564     0.014843     0.009442     0.009061     0.025340 
variable 8      0.000765     0.010059     0.000643     0.014248     0.000459     0.027909 
variable 9      0.001363     0.008263     0.001308     0.008979     0.001077     0.013235 
variable 10     0.002473     0.014440     0.002455     0.014660     0.002099     0.020046 
variable 11     0.005084     0.005344     0.004600     0.006527     0.003422     0.011794 
variable 12     0.001283     0.009693     0.000961     0.017271     0.000757     0.027795 
variable 13     0.003202     0.010409     0.002538     0.016566     0.001786     0.033440 
variable 14     0.004674     0.005370     0.003726     0.008451     0.002492     0.018895 
variable 15     0.003669     0.017405     0.002989     0.026226     0.002427     0.039764 

